4294967294,0
424,51
4294967279,136
197,4
189,5
189,4
181,102
131,5
134,4
3,59
4294967278,198
4294967279,290
2,4
4294967294,12
4294967278,256
129,4
129,5
325,249
325,248
325,247
325,246
325,245
325,244
325,243
325,242
325,241
325,240
325,239
325,238
185,187
185,186
185,185
185,184
185,183
185,182
185,181
181,101
181,100
181,99
185,6
185,5
185,180
185,179
185,178
185,177
185,176
185,4
181,98
181,97
181,96
325,237
325,236
325,235
325,234
325,233
325,232
325,231
325,230
325,0
325,256
325,229
325,228
325,227
325,226
4294967278,150
325,225
325,224
131,4
330,13
330,0
185,200
185,199
185,198
185,197
185,196
185,195
185,194
185,193
185,0
185,192
185,175
185,174
185,173
325,223
185,172
5,35
5,0
4294967278,152
3,38
3,32
4294967278,151
173,0
4294967278,276
185,171
5,34
185,170
5,33
325,222
325,221
325,220
185,169
325,219
325,218
325,217
5,32
185,168
5,31
4294967278,158
359,66
4294967278,157
185,167
359,65
359,0
185,166
359,64
4294967278,138
4294967279,273
325,216
325,215
325,214
185,165
359,43
185,164
4294967278,273
4294967278,380
185,163
5,30
325,213
4294967278,313
400,19
400,0
4294967278,315
5,29
185,162
5,28
132,4
424,39
4294967278,269
360,6
325,212
325,211
4294967278,197
417,7
417,0
185,161
424,20
181,95
4294967278,278
133,4
4294967279,363
4294967278,182
45,12
45,11
45,10
45,9
45,8
45,7
45,6
181,94
181,48
181,47
325,210
4294967278,295
181,93
4294967279,336
4294967278,186
325,209
400,18
4294967278,259
4294967278,103
4294967278,93
4294967278,92
4294967278,91
4294967278,89
4294967278,74
4294967278,71
45,4
181,92
4294967279,272
4294967278,65
4294967278,63
4294967278,62
4294967278,60
4294967278,50
4294967278,49
4294967278,48
4294967278,36
4294967278,33
424,81
4294967279,443
4294967278,20
4294967278,18
4294967278,16
4294967278,4
4294967279,131
4294967279,120
4294967279,119
4294967279,117
4294967279,106
4294967279,105
4294967279,103
4294967279,89
3,141
4294967278,242
3,140
3,122
4294967279,80
4294967279,77
4294967279,76
4294967279,75
4294967279,74
4294967279,72
4294967279,64
4294967279,63
4294967279,60
4294967279,20
4294967279,19
4294967279,5
4294967279,4
4294967279,266
4294967278,263
181,91
325,208
4294967278,169
185,160
3,121
4294967278,224
251,4
287,8
287,4
284,4
181,90
4294967278,310
4294967278,296
4294967278,292
4294967278,290
325,207
5,27
181,89
4294967279,289
4294967279,351
181,88
4294967279,288
4294967294,1614
400,17
185,159
3,139
3,28
3,138
3,137
3,88
3,99
145,2
4294967278,5
181,87
4294967278,219
4294967278,203
4294967278,212
181,86
4294967278,176
4294967278,246
4294967278,566
181,46
181,85
4294967278,170
4294967279,433
4294967279,432
327,2
4294967278,309
181,84
4294967279,122
325,206
325,205
400,16
326,7
326,5
4294967278,548
185,158
3,136
326,4
327,7
327,6
327,5
327,4
145,7
145,6
145,5
145,4
181,83
143,6
143,4
181,82
181,81
181,45
181,80
4294967278,222
4294967279,108
226,10
226,0
226,1
226,9
326,9
360,7
360,4
168,4
136,4
165,8
166,7
166,8
170,8
157,8
158,7
158,8
159,7
159,8
161,7
161,8
121,6
4294967294,1553
4294967294,1556
4294967294,483
4294967294,1566
181,79
4294967279,92
4294967279,91
424,13
4294967279,393
4294967278,363
4294967278,293
181,78
4294967278,228
4294967278,179
181,77
4294967278,230
4294967279,381
359,1
359,42
181,76
4294967278,187
181,75
4294967278,378
4294967279,262
4294967279,292
181,74
4294967279,343
4294967278,294
4294967278,185
359,2
4294967279,347
4294967279,78
4294967279,204
4294967278,520
4294967278,173
181,73
181,43
4294967279,264
4294967278,347
4294967279,65
4294967279,62
325,204
3,135
3,134
3,81
3,80
4294967278,159
4294967278,156
325,203
325,202
4294967278,154
344,27
344,0
4294967278,148
4294967278,147
4294967278,146
325,201
4294967278,140
3,133
3,132
4294967278,136
325,200
325,199
4294967278,135
3,78
3,77
344,26
3,131
3,79
4294967278,268
4294967279,271
344,25
325,198
325,197
325,196
181,72
185,157
5,26
5,25
185,156
4294967278,270
181,71
4294967279,309
359,7
359,5
4294967294,1572
4294967294,1571
4294967294,1491
4294967294,1492
359,4
359,9
359,6
359,11
359,10
359,8
181,44
181,70
181,14
325,195
4294967278,527
136,5
325,194
4294967278,208
4294967279,207
181,69
4294967278,326
4294967278,279
4294967279,369
4294967278,283
181,68
4294967278,213
4294967278,204
371,23
371,0
373,13
373,0
229,17
229,0
4294967278,349
3,130
3,71
4294967278,286
325,193
371,22
371,18
371,21
3,129
3,0
3,128
3,127
3,72
325,190
4294967279,340
181,67
4294967278,202
185,155
325,189
3,83
3,82
344,24
229,16
325,188
344,23
3,126
3,125
371,20
373,12
373,11
4294967279,88
3,53
3,49
325,187
4294967279,362
371,19
371,14
371,16
229,15
181,66
181,34
4294967278,535
4294967278,554
181,65
181,0
181,64
4294967279,206
181,42
181,41
4294967278,206
4294967278,272
181,40
4294967279,209
4294967278,205
4294967278,372
4294967278,237
181,39
4294967278,277
4294967278,193
181,38
4294967278,207
371,17
229,14
229,13
4294967278,267
4294967279,205
371,15
371,13
4294967294,1611
356,2
4294967278,201
325,186
344,22
344,1
344,21
325,185
4294967279,268
181,37
371,8
371,7
4294967278,238
356,9
356,4
3,124
3,123
356,6
356,8
356,7
356,5
3,76
3,75
137,5
137,4
325,184
4294967278,325
185,154
181,36
132,8
129,8
181,35
131,2
3,70
131,8
4294967278,131
4294967278,123
4294967278,120
4294967278,114
4294967278,113
4294967278,111
4294967278,105
4294967278,104
4294967278,102
4294967278,98
4294967278,96
4294967278,94
4294967278,87
4294967278,86
4294967278,80
4294967278,79
4294967278,78
4294967278,77
4294967278,76
4294967278,70
4294967278,68
4294967278,66
4294967278,61
4294967278,46
4294967278,34
4294967278,31
4294967278,13
181,33
181,24
4294967279,350
4294967279,407
3,69
4294967278,153
4294967278,67
4294967279,277
4294967279,24
4294967279,13
4294967279,12
4294967279,11
4294967279,10
4294967294,1471
4294967294,1612
344,2
325,183
181,32
4294967278,64
4294967279,276
4294967279,358
167,2
344,19
344,15
344,12
344,11
344,10
344,9
344,8
344,7
344,6
344,4
344,5
347,4
167,5
167,4
181,31
59,2
4294967294,1610
181,30
151,6
181,29
4294967279,258
4294967278,250
137,6
137,7
137,8
181,28
182,5
181,27
4294967278,254
4294967278,248
3,120
4294967279,373
181,26
4294967278,155
4294967294,68
4294967279,355
4294967278,373
4294967279,331
4294967279,429
4294967278,362
169,8
149,4
149,8
336,4
207,7
151,8
335,4
148,8
153,8
152,8
67,8
67,7
67,6
67,4
4294967278,22
4294967279,22
4294967294,484
4294967294,487
67,5
4294967294,1438
4294967294,425
4294967294,471
4294967294,416
4294967294,970
4294967294,451
4294967294,524
4294967294,422
4294967294,1482
4294967278,19
4294967279,17
4294967278,558
4294967278,556
4294967278,370
4294967278,371
4294967279,257
4294967278,546
4294967279,392
4294967278,542
4294967279,8
59,4
4294967294,418
4294967294,52
130,14
130,12
130,15
130,13
130,11
181,25
4294967278,165
3,119
3,60
181,15
4294967279,320
181,23
4294967279,380
4294967278,517
4294967279,430
4294967278,124
4294967278,343
4294967278,121
4294967278,369
333,4
4294967294,1563
4294967294,1472
187,6
4294967294,1512
4294967294,1567
4294967294,1568
4294967294,1569
4294967294,1480
4294967294,1481
181,22
4294967278,211
142,8
3,118
4294967279,359
4294967279,431
181,21
3,44
3,117
3,61
4294967278,115
4294967278,367
268,0
4294967279,328
4294967279,428
4294967278,162
229,12
4294967279,297
4294967279,360
4294967278,163
4294967294,1417
4294967294,1437
4294967278,361
371,12
229,11
268,13
268,1
268,12
181,20
325,182
325,181
325,180
325,179
325,51
325,50
325,47
325,46
325,178
4294967278,178
4294967278,172
325,177
325,176
325,175
126,2
136,2
185,153
160,10
160,0
160,1
160,9
160,2
424,50
185,152
4294967278,84
4294967278,72
424,35
185,151
3,116
4294967278,196
4294967278,195
4294967278,194
185,150
4294967278,188
3,58
4294967278,184
4294967278,183
424,80
4294967278,171
4294967278,167
4294967278,166
3,115
4294967278,164
3,27
4294967278,161
185,149
4294967278,160
136,9
185,148
136,8
3,114
343,12
343,0
343,1
343,11
343,2
325,174
325,192
185,147
136,7
160,4
3,73
343,8
343,7
343,6
343,4
343,5
400,15
136,6
206,8
206,7
202,1
202,9
202,0
202,7
160,6
160,7
160,8
160,5
202,6
227,5
150,4
344,17
5,24
150,5
4294967278,360
150,6
150,8
181,5
4294967278,291
4294967279,332
4294967278,365
4294967278,366
4294967278,128
4294967278,127
4294967278,125
4294967278,331
4294967278,364
4294967278,524
4294967278,75
4294967278,332
4294967278,58
4294967278,57
4294967278,56
4294967278,54
4294967278,47
4294967278,44
4294967278,40
4294967278,38
4294967279,348
4294967279,335
4294967279,223
4294967279,9
325,173
325,172
325,171
325,170
325,169
325,168
325,167
325,166
325,165
325,164
325,163
325,162
4294967294,1515
185,146
185,145
185,144
185,143
185,142
185,141
185,140
181,19
181,18
181,17
4294967279,322
4294967279,321
4294967279,378
371,11
185,139
185,138
185,137
185,136
185,135
181,16
424,49
424,22
325,161
325,160
325,159
325,49
325,158
325,45
325,157
325,156
325,155
325,154
325,153
325,48
325,44
325,152
325,151
4294967278,354
424,79
185,134
185,133
185,132
185,131
185,130
185,129
185,128
185,127
185,126
424,78
173,25
173,24
173,23
424,77
424,48
424,37
424,76
424,47
424,32
424,75
181,13
424,74
424,46
424,14
424,73
424,72
424,71
400,14
3,113
424,70
4294967278,312
4294967279,377
185,125
5,23
4294967279,270
4294967279,259
424,69
344,20
344,18
344,16
344,14
344,13
325,150
325,149
325,148
325,147
4294967278,297
185,124
5,22
359,41
325,146
325,145
325,144
325,143
325,142
325,141
325,140
325,139
325,138
185,123
359,40
3,112
3,111
3,45
3,39
185,122
360,45
360,0
3,110
185,121
359,39
4294967278,307
3,109
3,108
185,120
360,44
360,43
360,34
185,119
3,46
3,107
3,33
185,118
3,106
360,42
185,117
3,105
360,41
3,67
3,25
360,40
3,104
360,39
3,29
3,103
3,102
3,51
3,47
185,116
3,101
3,23
185,115
424,68
154,2
3,100
185,114
325,137
3,43
325,136
325,135
325,134
325,133
325,132
325,131
325,130
325,129
4294967279,367
359,38
359,37
4294967294,81
185,113
3,41
360,38
185,112
185,111
360,37
424,67
360,36
185,110
360,35
359,36
359,35
3,42
185,109
360,26
3,98
3,35
4294967278,249
3,97
3,62
185,108
4294967279,376
360,33
360,23
3,96
3,95
325,128
325,127
325,126
325,125
325,124
3,37
3,31
325,123
325,122
325,121
325,120
325,42
325,40
325,119
325,118
325,117
185,107
325,191
185,106
360,32
360,31
185,105
3,94
360,30
360,29
185,104
424,66
185,103
360,28
3,93
3,92
360,27
3,65
185,102
4294967278,522
185,101
359,34
360,25
360,24
360,8
185,100
359,33
185,99
3,91
3,57
424,65
424,0
325,116
325,115
325,114
325,113
325,112
325,111
185,98
4294967279,356
359,32
359,31
185,97
4294967279,352
185,96
3,90
3,89
359,30
3,87
3,86
359,29
4294967278,236
